1.015873e+00 8.333807e-08 3.079250
1.031998e+00 8.333807e-08 3.079250
1.048378e+00 8.333807e-08 3.079250
1.065019e+00 8.333807e-08 3.079250
1.081924e+00 8.333807e-08 3.079250
1.099097e+00 8.333807e-08 3.079250
1.116543e+00 8.333807e-08 3.079250
1.134266e+00 8.333806e-08 3.079250
1.152270e+00 8.333806e-08 3.079250
1.170559e+00 8.333806e-08 3.079250
1.189139e+00 8.333806e-08 3.079250
1.208014e+00 8.333806e-08 3.079250
1.227189e+00 8.333806e-08 3.079250
1.246668e+00 8.333805e-08 3.079250
1.266456e+00 8.333805e-08 3.079250
1.286558e+00 8.333805e-08 3.079250
1.306980e+00 8.333805e-08 3.079250
1.327725e+00 8.333805e-08 3.079250
1.348800e+00 8.333805e-08 3.079250
1.370209e+00 8.333804e-08 3.079250
1.391958e+00 8.333804e-08 3.079250
1.414053e+00 8.333804e-08 3.079250
1.436498e+00 8.333804e-08 3.079250
1.459299e+00 8.333804e-08 3.079250
1.482462e+00 8.333803e-08 3.079250
1.505993e+00 8.333803e-08 3.079250
1.529897e+00 8.333803e-08 3.079250
1.554181e+00 8.333803e-08 3.079250
1.578850e+00 8.333803e-08 3.079250
1.603911e+00 8.333802e-08 3.079250
1.629370e+00 8.333802e-08 3.079250
1.655233e+00 8.333802e-08 3.079250
1.681506e+00 8.333802e-08 3.079249
1.708196e+00 8.333802e-08 3.079249
1.735310e+00 8.333801e-08 3.079249
1.762854e+00 8.333801e-08 3.079249
1.790836e+00 8.333801e-08 3.079249
1.819261e+00 8.333801e-08 3.079249
1.848138e+00 8.333800e-08 3.079249
1.877473e+00 8.333800e-08 3.079249
1.907274e+00 8.333800e-08 3.079249
1.937548e+00 8.333800e-08 3.079249
1.968302e+00 8.333799e-08 3.079249
1.999545e+00 8.333799e-08 3.079249
2.031283e+00 8.333799e-08 3.079249
2.063526e+00 8.333799e-08 3.079249
2.096280e+00 8.333798e-08 3.079249
2.129553e+00 8.333798e-08 3.079249
2.163356e+00 8.333798e-08 3.079249
2.197694e+00 8.333798e-08 3.079249
2.232578e+00 8.333797e-08 3.079249
2.268015e+00 8.333797e-08 3.079249
2.304015e+00 8.333797e-08 3.079249
2.340586e+00 8.333796e-08 3.079249
2.377738e+00 8.333796e-08 3.079249
2.415479e+00 8.333796e-08 3.079248
2.453820e+00 8.333795e-08 3.079248
2.492769e+00 8.333795e-08 3.079248
2.532336e+00 8.333795e-08 3.079248
2.572531e+00 8.333794e-08 3.079248
2.613365e+00 8.333794e-08 3.079248
2.654846e+00 8.333794e-08 3.079248
2.696986e+00 8.333793e-08 3.079248
2.739795e+00 8.333793e-08 3.079248
2.783283e+00 8.333793e-08 3.079248
2.827462e+00 8.333792e-08 3.079248
2.872342e+00 8.333792e-08 3.079248
2.917934e+00 8.333792e-08 3.079248
2.964250e+00 8.333791e-08 3.079248
3.011301e+00 8.333791e-08 3.079248
3.059099e+00 8.333790e-08 3.079248
3.107655e+00 8.333790e-08 3.079248
3.156982e+00 8.333790e-08 3.079247
3.207093e+00 8.333789e-08 3.079247
3.257998e+00 8.333789e-08 3.079247
3.309712e+00 8.333788e-08 3.079247
3.362246e+00 8.333788e-08 3.079247
3.415615e+00 8.333787e-08 3.079247
3.469830e+00 8.333787e-08 3.079247
3.524906e+00 8.333786e-08 3.079247
3.580857e+00 8.333786e-08 3.079247
3.637695e+00 8.333786e-08 3.079247
3.695435e+00 8.333785e-08 3.079247
3.754092e+00 8.333785e-08 3.079247
3.813680e+00 8.333784e-08 3.079247
3.874214e+00 8.333784e-08 3.079246
3.935709e+00 8.333783e-08 3.079246
3.998180e+00 8.333783e-08 3.079246
4.061642e+00 8.333782e-08 3.079246
4.126112e+00 8.333781e-08 3.079246
4.191605e+00 8.333781e-08 3.079246
4.258138e+00 8.333780e-08 3.079246
4.325727e+00 8.333780e-08 3.079246
4.394388e+00 8.333779e-08 3.079246
4.464139e+00 8.333779e-08 3.079246
4.534998e+00 8.333778e-08 3.079246
4.606981e+00 8.333777e-08 3.079245
4.680107e+00 8.333777e-08 3.079245
4.754394e+00 8.333776e-08 3.079245
4.829859e+00 8.333776e-08 3.079245
4.906523e+00 8.333775e-08 3.079245
4.984403e+00 8.333774e-08 3.079245
5.063520e+00 8.333774e-08 3.079245
5.143892e+00 8.333773e-08 3.079245
5.225540e+00 8.333772e-08 3.079245
5.308484e+00 8.333772e-08 3.079245
5.392745e+00 8.333771e-08 3.079244
5.478343e+00 8.333770e-08 3.079244
5.565300e+00 8.333769e-08 3.079244
5.653637e+00 8.333769e-08 3.079244
5.743376e+00 8.333768e-08 3.079244
5.834540e+00 8.333767e-08 3.079244
5.927151e+00 8.333766e-08 3.079244
6.021231e+00 8.333766e-08 3.079244
6.116805e+00 8.333765e-08 3.079243
6.213896e+00 8.333764e-08 3.079243
6.312528e+00 8.333763e-08 3.079243
6.412726e+00 8.333762e-08 3.079243
6.514514e+00 8.333762e-08 3.079243
6.617918e+00 8.333761e-08 3.079243
6.722963e+00 8.333760e-08 3.079243
6.829675e+00 8.333759e-08 3.079242
6.938082e+00 8.333758e-08 3.079242
7.048209e+00 8.333757e-08 3.079242
7.160084e+00 8.333756e-08 3.079242
7.273734e+00 8.333755e-08 3.079242
7.389189e+00 8.333754e-08 3.079242
7.506477e+00 8.333753e-08 3.079242
7.625626e+00 8.333752e-08 3.079241
7.746666e+00 8.333751e-08 3.079241
7.869627e+00 8.333750e-08 3.079241
7.994541e+00 8.333749e-08 3.079241
8.121437e+00 8.333748e-08 3.079241
8.250347e+00 8.333747e-08 3.079240
8.381303e+00 8.333746e-08 3.079240
8.514338e+00 8.333745e-08 3.079240
8.649485e+00 8.333744e-08 3.079240
8.786776e+00 8.333743e-08 3.079240
8.926247e+00 8.333741e-08 3.079240
9.067932e+00 8.333740e-08 3.079239
9.211866e+00 8.333739e-08 3.079239
9.358084e+00 8.333738e-08 3.079239
9.506624e+00 8.333737e-08 3.079239
9.657521e+00 8.333735e-08 3.079239
9.810813e+00 8.333734e-08 3.079238
9.966538e+00 8.333733e-08 3.079238
1.012474e+01 8.333731e-08 3.079238
1.028544e+01 8.333730e-08 3.079238
1.044870e+01 8.333729e-08 3.079237
1.061455e+01 8.333727e-08 3.079237
1.078304e+01 8.333726e-08 3.079237
1.095419e+01 8.333725e-08 3.079237
1.112807e+01 8.333723e-08 3.079237
1.130470e+01 8.333722e-08 3.079236
1.148414e+01 8.333720e-08 3.079236
1.166642e+01 8.333719e-08 3.079236
1.185160e+01 8.333717e-08 3.079236
1.203972e+01 8.333715e-08 3.079235
1.223083e+01 8.333714e-08 3.079235
1.242496e+01 8.333712e-08 3.079235
1.262218e+01 8.333711e-08 3.079235
1.282253e+01 8.333709e-08 3.079234
1.302606e+01 8.333707e-08 3.079234
1.323282e+01 8.333706e-08 3.079234
1.344287e+01 8.333704e-08 3.079233
1.365624e+01 8.333702e-08 3.079233
1.387301e+01 8.333700e-08 3.079233
1.409321e+01 8.333698e-08 3.079232
1.431691e+01 8.333697e-08 3.079232
1.454416e+01 8.333695e-08 3.079232
1.477502e+01 8.333693e-08 3.079232
1.500954e+01 8.333691e-08 3.079231
1.524778e+01 8.333689e-08 3.079231
1.548981e+01 8.333687e-08 3.079231
1.573567e+01 8.333685e-08 3.079230
1.598544e+01 8.333683e-08 3.079230
1.623918e+01 8.333680e-08 3.079230
1.649694e+01 8.333678e-08 3.079229
1.675879e+01 8.333676e-08 3.079229
1.702480e+01 8.333674e-08 3.079228
1.729503e+01 8.333672e-08 3.079228
1.756955e+01 8.333669e-08 3.079228
1.784843e+01 8.333667e-08 3.079227
1.813174e+01 8.333665e-08 3.079227
1.841954e+01 8.333662e-08 3.079227
1.871191e+01 8.333660e-08 3.079226
1.900892e+01 8.333657e-08 3.079226
1.931065e+01 8.333655e-08 3.079225
1.961716e+01 8.333652e-08 3.079225
1.992854e+01 8.333650e-08 3.079225
2.024486e+01 8.333647e-08 3.079224
2.056621e+01 8.333644e-08 3.079224
2.089265e+01 8.333642e-08 3.079223
2.122428e+01 8.333639e-08 3.079223
2.156117e+01 8.333636e-08 3.079222
2.190340e+01 8.333633e-08 3.079222
2.225107e+01 8.333630e-08 3.079221
2.260426e+01 8.333627e-08 3.079221
2.296305e+01 8.333624e-08 3.079220
2.332754e+01 8.333621e-08 3.079220
2.369781e+01 8.333618e-08 3.079219
2.407397e+01 8.333615e-08 3.079219
2.445609e+01 8.333612e-08 3.079218
2.484428e+01 8.333609e-08 3.079218
2.523862e+01 8.333606e-08 3.079217
2.563923e+01 8.333602e-08 3.079217
2.604620e+01 8.333599e-08 3.079216
2.645963e+01 8.333595e-08 3.079216
2.687962e+01 8.333592e-08 3.079215
2.730627e+01 8.333588e-08 3.079214
2.773970e+01 8.333585e-08 3.079214
2.818001e+01 8.333581e-08 3.079213
2.862730e+01 8.333577e-08 3.079213
2.908170e+01 8.333573e-08 3.079212
2.954331e+01 8.333570e-08 3.079211
3.001224e+01 8.333566e-08 3.079211
3.048862e+01 8.333562e-08 3.079210
3.097256e+01 8.333558e-08 3.079209
3.146419e+01 8.333554e-08 3.079209
3.196361e+01 8.333549e-08 3.079208
3.247096e+01 8.333545e-08 3.079207
3.298637e+01 8.333541e-08 3.079207
3.350996e+01 8.333537e-08 3.079206
3.404186e+01 8.333532e-08 3.079205
3.458220e+01 8.333528e-08 3.079204
3.513111e+01 8.333523e-08 3.079204
3.568874e+01 8.333518e-08 3.079203
3.625523e+01 8.333514e-08 3.079202
3.683070e+01 8.333509e-08 3.079201
3.741531e+01 8.333504e-08 3.079201
3.800919e+01 8.333499e-08 3.079200
3.861251e+01 8.333494e-08 3.079199
3.922540e+01 8.333489e-08 3.079198
3.984801e+01 8.333484e-08 3.079197
4.048051e+01 8.333478e-08 3.079196
4.112305e+01 8.333473e-08 3.079196
4.177579e+01 8.333468e-08 3.079195
4.243889e+01 8.333462e-08 3.079194
4.311252e+01 8.333457e-08 3.079193
4.379684e+01 8.333451e-08 3.079192
4.449202e+01 8.333445e-08 3.079191
4.519823e+01 8.333439e-08 3.079190
4.591565e+01 8.333433e-08 3.079189
4.664447e+01 8.333427e-08 3.079188
4.738485e+01 8.333421e-08 3.079187
4.813698e+01 8.333415e-08 3.079186
4.890105e+01 8.333408e-08 3.079185
4.967725e+01 8.333402e-08 3.079184
5.046576e+01 8.333395e-08 3.079183
5.126680e+01 8.333389e-08 3.079182
5.208055e+01 8.333382e-08 3.079181
5.290721e+01 8.333375e-08 3.079179
5.374700e+01 8.333368e-08 3.079178
5.460012e+01 8.333361e-08 3.079177
5.546678e+01 8.333354e-08 3.079176
5.634719e+01 8.333346e-08 3.079175
5.724158e+01 8.333339e-08 3.079173
5.815016e+01 8.333331e-08 3.079172
5.907317e+01 8.333324e-08 3.079171
6.001083e+01 8.333316e-08 3.079170
6.096337e+01 8.333308e-08 3.079168
6.193103e+01 8.333300e-08 3.079167
6.291405e+01 8.333292e-08 3.079166
6.391268e+01 8.333283e-08 3.079164
6.492715e+01 8.333275e-08 3.079163
6.595773e+01 8.333266e-08 3.079162
6.700467e+01 8.333257e-08 3.079160
6.806822e+01 8.333249e-08 3.079159
6.914866e+01 8.333240e-08 3.079157
7.024624e+01 8.333230e-08 3.079156
7.136125e+01 8.333221e-08 3.079154
7.249395e+01 8.333212e-08 3.079153
7.364464e+01 8.333202e-08 3.079151
7.481359e+01 8.333192e-08 3.079149
7.600109e+01 8.333182e-08 3.079148
7.720744e+01 8.333172e-08 3.079146
7.843294e+01 8.333162e-08 3.079144
7.967789e+01 8.333152e-08 3.079143
8.094261e+01 8.333141e-08 3.079141
8.222740e+01 8.333131e-08 3.079139
8.353258e+01 8.333120e-08 3.079137
8.485848e+01 8.333109e-08 3.079136
8.620542e+01 8.333097e-08 3.079134
8.757374e+01 8.333086e-08 3.079132
8.896379e+01 8.333074e-08 3.079130
9.037589e+01 8.333063e-08 3.079128
9.181041e+01 8.333051e-08 3.079126
9.326771e+01 8.333039e-08 3.079124
9.474813e+01 8.333026e-08 3.079122
9.625205e+01 8.333014e-08 3.079120
9.777984e+01 8.333001e-08 3.079118
9.933188e+01 8.332988e-08 3.079116
1.009086e+02 8.332975e-08 3.079114
1.025103e+02 8.332962e-08 3.079111
1.041374e+02 8.332948e-08 3.079109
1.057903e+02 8.332934e-08 3.079107
1.074695e+02 8.332920e-08 3.079105
1.091754e+02 8.332906e-08 3.079102
1.109083e+02 8.332892e-08 3.079100
1.126687e+02 8.332877e-08 3.079098
1.144571e+02 8.332862e-08 3.079095
1.162739e+02 8.332847e-08 3.079093
1.181195e+02 8.332832e-08 3.079090
1.199944e+02 8.332816e-08 3.079088
1.218990e+02 8.332800e-08 3.079085
1.238339e+02 8.332784e-08 3.079082
1.257995e+02 8.332768e-08 3.079080
1.277963e+02 8.332751e-08 3.079077
1.298248e+02 8.332734e-08 3.079074
1.318854e+02 8.332717e-08 3.079071
1.339788e+02 8.332699e-08 3.079068
1.361055e+02 8.332682e-08 3.079066
1.382658e+02 8.332664e-08 3.079063
1.404605e+02 8.332645e-08 3.079060
1.426900e+02 8.332627e-08 3.079057
1.449549e+02 8.332608e-08 3.079053
1.472558e+02 8.332589e-08 3.079050
1.495931e+02 8.332569e-08 3.079047
1.519676e+02 8.332549e-08 3.079044
1.543797e+02 8.332529e-08 3.079041
1.568302e+02 8.332509e-08 3.079037
1.593195e+02 8.332488e-08 3.079034
1.618484e+02 8.332467e-08 3.079030
1.644174e+02 8.332446e-08 3.079027
1.670271e+02 8.332424e-08 3.079023
1.696783e+02 8.332402e-08 3.079020
1.723716e+02 8.332379e-08 3.079016
1.751076e+02 8.332357e-08 3.079012
1.778871e+02 8.332334e-08 3.079008
1.807107e+02 8.332310e-08 3.079004
1.835791e+02 8.332286e-08 3.079001
1.864930e+02 8.332262e-08 3.078997
1.894531e+02 8.332237e-08 3.078993
1.924603e+02 8.332212e-08 3.078988
1.955152e+02 8.332187e-08 3.078984
1.986186e+02 8.332161e-08 3.078980
2.017712e+02 8.332135e-08 3.078976
2.049739e+02 8.332108e-08 3.078971
2.082274e+02 8.332081e-08 3.078967
2.115326e+02 8.332053e-08 3.078962
2.148902e+02 8.332025e-08 3.078958
2.183011e+02 8.331997e-08 3.078953
2.217661e+02 8.331968e-08 3.078948
2.252862e+02 8.331939e-08 3.078943
2.288621e+02 8.331909e-08 3.078939
2.324948e+02 8.331879e-08 3.078934
2.361852e+02 8.331848e-08 3.078929
2.399341e+02 8.331817e-08 3.078923
2.437425e+02 8.331785e-08 3.078918
2.476114e+02 8.331753e-08 3.078913
2.515417e+02 8.331720e-08 3.078908
2.555344e+02 8.331687e-08 3.078902
2.595904e+02 8.331653e-08 3.078897
2.637109e+02 8.331618e-08 3.078891
2.678967e+02 8.331584e-08 3.078885
2.721490e+02 8.331548e-08 3.078879
2.764688e+02 8.331512e-08 3.078873
2.808571e+02 8.331476e-08 3.078867
2.853151e+02 8.331438e-08 3.078861
2.898439e+02 8.331401e-08 3.078855
2.944445e+02 8.331362e-08 3.078849
2.991182e+02 8.331323e-08 3.078842
3.038660e+02 8.331284e-08 3.078836
3.086892e+02 8.331244e-08 3.078829
3.135890e+02 8.331203e-08 3.078823
3.185666e+02 8.331161e-08 3.078816
3.236231e+02 8.331119e-08 3.078809
3.287599e+02 8.331077e-08 3.078802
3.339783e+02 8.331033e-08 3.078795
3.392795e+02 8.330989e-08 3.078787
3.446648e+02 8.330944e-08 3.078780
3.501356e+02 8.330898e-08 3.078773
3.556932e+02 8.330852e-08 3.078765
3.613391e+02 8.330805e-08 3.078757
3.670746e+02 8.330757e-08 3.078749
3.729011e+02 8.330709e-08 3.078741
3.788201e+02 8.330659e-08 3.078733
3.848330e+02 8.330609e-08 3.078725
3.909414e+02 8.330558e-08 3.078717
3.971467e+02 8.330507e-08 3.078708
4.034506e+02 8.330454e-08 3.078700
4.098545e+02 8.330401e-08 3.078691
4.163600e+02 8.330347e-08 3.078682
4.229689e+02 8.330292e-08 3.078673
4.296826e+02 8.330236e-08 3.078664
4.365028e+02 8.330179e-08 3.078654
4.434314e+02 8.330121e-08 3.078645
4.504699e+02 8.330063e-08 3.078635
4.576201e+02 8.330003e-08 3.078626
4.648839e+02 8.329943e-08 3.078616
4.722629e+02 8.329881e-08 3.078606
4.797590e+02 8.329819e-08 3.078595
4.873742e+02 8.329755e-08 3.078585
4.951102e+02 8.329691e-08 3.078574
5.029690e+02 8.329625e-08 3.078564
5.109525e+02 8.329559e-08 3.078553
5.190628e+02 8.329491e-08 3.078542
5.273018e+02 8.329423e-08 3.078530
5.356715e+02 8.329353e-08 3.078519
5.441742e+02 8.329282e-08 3.078507
5.528117e+02 8.329210e-08 3.078495
5.615864e+02 8.329137e-08 3.078483
5.705004e+02 8.329063e-08 3.078471
5.795558e+02 8.328987e-08 3.078459
5.887550e+02 8.328911e-08 3.078446
5.981002e+02 8.328833e-08 3.078433
6.075938e+02 8.328754e-08 3.078420
6.172380e+02 8.328674e-08 3.078407
6.270353e+02 8.328592e-08 3.078394
6.369882e+02 8.328509e-08 3.078380
6.470990e+02 8.328425e-08 3.078366
6.573702e+02 8.328339e-08 3.078352
6.678046e+02 8.328252e-08 3.078338
6.784045e+02 8.328164e-08 3.078324
6.891727e+02 8.328074e-08 3.078309
7.001118e+02 8.327983e-08 3.078294
7.112246e+02 8.327891e-08 3.078279
7.225137e+02 8.327797e-08 3.078263
7.339821e+02 8.327701e-08 3.078247
7.456325e+02 8.327604e-08 3.078232
7.574678e+02 8.327506e-08 3.078215
7.694909e+02 8.327406e-08 3.078199
7.817049e+02 8.327304e-08 3.078182
7.941128e+02 8.327201e-08 3.078165
8.067176e+02 8.327096e-08 3.078148
8.195225e+02 8.326989e-08 3.078130
8.325306e+02 8.326881e-08 3.078113
8.457452e+02 8.326771e-08 3.078095
8.591696e+02 8.326659e-08 3.078076
8.728071e+02 8.326545e-08 3.078058
8.866610e+02 8.326430e-08 3.078039
9.007348e+02 8.326313e-08 3.078019
9.150320e+02 8.326194e-08 3.078000
9.295562e+02 8.326073e-08 3.077980
9.443108e+02 8.325950e-08 3.077960
9.592997e+02 8.325825e-08 3.077939
9.745265e+02 8.325698e-08 3.077918
9.899950e+02 8.325570e-08 3.077897
1.005709e+03 8.325439e-08 3.077876
1.021672e+03 8.325306e-08 3.077854
1.037889e+03 8.325171e-08 3.077832
1.054364e+03 8.325034e-08 3.077809
1.071099e+03 8.324894e-08 3.077786
1.088101e+03 8.324753e-08 3.077763
1.105372e+03 8.324609e-08 3.077739
1.122917e+03 8.324463e-08 3.077715
1.140741e+03 8.324315e-08 3.077691
1.158848e+03 8.324164e-08 3.077666
1.177242e+03 8.324011e-08 3.077641
1.195928e+03 8.323855e-08 3.077616
1.214911e+03 8.323697e-08 3.077590
1.234195e+03 8.323537e-08 3.077563
1.253785e+03 8.323374e-08 3.077536
1.273686e+03 8.323208e-08 3.077509
1.293903e+03 8.323040e-08 3.077482
1.314441e+03 8.322869e-08 3.077453
1.335305e+03 8.322695e-08 3.077425
1.356500e+03 8.322519e-08 3.077396
1.378032e+03 8.322340e-08 3.077366
1.399905e+03 8.322158e-08 3.077337
1.422126e+03 8.321973e-08 3.077306
1.444699e+03 8.321785e-08 3.077275
1.467630e+03 8.321594e-08 3.077244
1.490926e+03 8.321400e-08 3.077212
1.514591e+03 8.321203e-08 3.077180
1.538632e+03 8.321003e-08 3.077147
1.563054e+03 8.320800e-08 3.077113
1.587864e+03 8.320594e-08 3.077080
1.613068e+03 8.320384e-08 3.077045
1.638672e+03 8.320171e-08 3.077010
1.664682e+03 8.319954e-08 3.076974
1.691106e+03 8.319735e-08 3.076938
1.717948e+03 8.319511e-08 3.076902
1.745217e+03 8.319284e-08 3.076864
1.772918e+03 8.319054e-08 3.076826
1.801060e+03 8.318820e-08 3.076788
1.829648e+03 8.318582e-08 3.076749
1.858689e+03 8.318341e-08 3.076709
1.888192e+03 8.318095e-08 3.076669
1.918163e+03 8.317846e-08 3.076628
1.948610e+03 8.317593e-08 3.076586
1.979540e+03 8.317335e-08 3.076544
2.010960e+03 8.317074e-08 3.076501
2.042880e+03 8.316809e-08 3.076457
2.075306e+03 8.316539e-08 3.076413
2.108247e+03 8.316265e-08 3.076368
2.141711e+03 8.315987e-08 3.076322
2.175706e+03 8.315704e-08 3.076276
2.210241e+03 8.315417e-08 3.076228
2.245324e+03 8.315125e-08 3.076181
2.280963e+03 8.314829e-08 3.076132
2.317169e+03 8.314528e-08 3.076082
2.353949e+03 8.314222e-08 3.076032
2.391312e+03 8.313911e-08 3.075981
2.429269e+03 8.313596e-08 3.075929
2.467829e+03 8.313275e-08 3.075876
2.507000e+03 8.312949e-08 3.075823
2.546793e+03 8.312619e-08 3.075768
2.587218e+03 8.312283e-08 3.075713
2.628285e+03 8.311941e-08 3.075657
2.670003e+03 8.311595e-08 3.075600
2.712383e+03 8.311242e-08 3.075542
2.755437e+03 8.310885e-08 3.075483
2.799173e+03 8.310521e-08 3.075423
2.843604e+03 8.310152e-08 3.075363
2.888740e+03 8.309777e-08 3.075301
2.934592e+03 8.309396e-08 3.075238
2.981173e+03 8.309009e-08 3.075175
3.028492e+03 8.308616e-08 3.075110
3.076563e+03 8.308216e-08 3.075044
3.125397e+03 8.307810e-08 3.074978
3.175006e+03 8.307398e-08 3.074910
3.225402e+03 8.306980e-08 3.074841
3.276598e+03 8.306554e-08 3.074771
3.328607e+03 8.306122e-08 3.074700
3.381442e+03 8.305684e-08 3.074628
3.435115e+03 8.305238e-08 3.074554
3.489640e+03 8.304785e-08 3.074480
3.545030e+03 8.304325e-08 3.074404
3.601300e+03 8.303858e-08 3.074327
3.658463e+03 8.303383e-08 3.074249
3.716533e+03 8.302901e-08 3.074170
3.775525e+03 8.302411e-08 3.074089
3.835453e+03 8.301914e-08 3.074007
3.896332e+03 8.301408e-08 3.073924
3.958178e+03 8.300895e-08 3.073840
4.021006e+03 8.300373e-08 3.073754
4.084830e+03 8.299844e-08 3.073667
4.149668e+03 8.299306e-08 3.073578
4.215535e+03 8.298759e-08 3.073488
4.282448e+03 8.298204e-08 3.073397
4.350422e+03 8.297640e-08 3.073304
4.419476e+03 8.297067e-08 3.073210
4.489625e+03 8.296485e-08 3.073114
4.560888e+03 8.295893e-08 3.073016
4.633283e+03 8.295293e-08 3.072918
4.706826e+03 8.294683e-08 3.072817
4.781537e+03 8.294063e-08 3.072715
4.857433e+03 8.293434e-08 3.072611
4.934534e+03 8.292794e-08 3.072506
5.012859e+03 8.292145e-08 3.072399
5.092428e+03 8.291485e-08 3.072291
5.173259e+03 8.290815e-08 3.072180
5.255373e+03 8.290134e-08 3.072068
5.338791e+03 8.289443e-08 3.071954
5.423532e+03 8.288740e-08 3.071838
5.509619e+03 8.288027e-08 3.071721
5.597073e+03 8.287302e-08 3.071602
5.685914e+03 8.286566e-08 3.071480
5.776165e+03 8.285818e-08 3.071357
5.867850e+03 8.285058e-08 3.071232
5.960989e+03 8.284287e-08 3.071105
6.055607e+03 8.283503e-08 3.070976
6.151726e+03 8.282707e-08 3.070844
6.249372e+03 8.281898e-08 3.070711
6.348567e+03 8.281077e-08 3.070576
6.449336e+03 8.280242e-08 3.070438
6.551706e+03 8.279395e-08 3.070299
6.655700e+03 8.278534e-08 3.070157
6.761345e+03 8.277659e-08 3.070013
6.868666e+03 8.276771e-08 3.069866
6.977691e+03 8.275868e-08 3.069717
7.088447e+03 8.274952e-08 3.069566
7.200961e+03 8.274021e-08 3.069413
7.315260e+03 8.273075e-08 3.069257
7.431374e+03 8.272115e-08 3.069098
7.549331e+03 8.271139e-08 3.068938
7.669161e+03 8.270148e-08 3.068774
7.790892e+03 8.269141e-08 3.068608
7.914555e+03 8.268119e-08 3.068439
8.040182e+03 8.267080e-08 3.068268
8.167802e+03 8.266025e-08 3.068094
8.297448e+03 8.264954e-08 3.067917
8.429152e+03 8.263865e-08 3.067738
8.562947e+03 8.262760e-08 3.067555
8.698865e+03 8.261637e-08 3.067370
8.836941e+03 8.260496e-08 3.067182
8.977208e+03 8.259338e-08 3.066991
9.119701e+03 8.258161e-08 3.066796
9.264457e+03 8.256965e-08 3.066599
9.411510e+03 8.255751e-08 3.066399
9.560897e+03 8.254518e-08 3.066195
9.712656e+03 8.253266e-08 3.065988
9.866823e+03 8.251993e-08 3.065778
1.002344e+04 8.250701e-08 3.065565
1.018254e+04 8.249389e-08 3.065348
1.034416e+04 8.248055e-08 3.065128
1.050835e+04 8.246701e-08 3.064904
1.067515e+04 8.245326e-08 3.064677
1.084460e+04 8.243929e-08 3.064446
1.101673e+04 8.242510e-08 3.064212
1.119160e+04 8.241069e-08 3.063974
1.136924e+04 8.239605e-08 3.063732
1.154970e+04 8.238118e-08 3.063486
1.173303e+04 8.236608e-08 3.063237
1.191927e+04 8.235074e-08 3.062983
1.210846e+04 8.233516e-08 3.062725
1.230065e+04 8.231934e-08 3.062464
1.249590e+04 8.230327e-08 3.062198
1.269424e+04 8.228695e-08 3.061928
1.289574e+04 8.227037e-08 3.061654
1.310043e+04 8.225353e-08 3.061376
1.330837e+04 8.223643e-08 3.061093
1.351961e+04 8.221906e-08 3.060805
1.373421e+04 8.220142e-08 3.060513
1.395221e+04 8.218350e-08 3.060217
1.417367e+04 8.216530e-08 3.059916
1.439864e+04 8.214682e-08 3.059610
1.462719e+04 8.212805e-08 3.059299
1.485937e+04 8.210898e-08 3.058983
1.509523e+04 8.208962e-08 3.058663
1.533483e+04 8.206995e-08 3.058337
1.557824e+04 8.204998e-08 3.058006
1.582551e+04 8.202969e-08 3.057670
1.607670e+04 8.200909e-08 3.057329
1.633189e+04 8.198817e-08 3.056982
1.659112e+04 8.196692e-08 3.056630
1.685447e+04 8.194533e-08 3.056272
1.712200e+04 8.192341e-08 3.055909
1.739377e+04 8.190115e-08 3.055540
1.766986e+04 8.187854e-08 3.055165
1.795033e+04 8.185558e-08 3.054784
1.823525e+04 8.183226e-08 3.054397
1.852470e+04 8.180858e-08 3.054004
1.881874e+04 8.178453e-08 3.053605
1.911744e+04 8.176011e-08 3.053200
1.942089e+04 8.173530e-08 3.052788
1.972916e+04 8.171011e-08 3.052370
2.004231e+04 8.168453e-08 3.051945
2.036044e+04 8.165854e-08 3.051514
2.068362e+04 8.163216e-08 3.051075
2.101193e+04 8.160536e-08 3.050630
2.134545e+04 8.157815e-08 3.050178
2.168426e+04 8.155052e-08 3.049719
2.202845e+04 8.152245e-08 3.049252
2.237810e+04 8.149395e-08 3.048778
2.273331e+04 8.146501e-08 3.048297
2.309415e+04 8.143562e-08 3.047808
2.346072e+04 8.140578e-08 3.047312
2.383311e+04 8.137547e-08 3.046808
2.421141e+04 8.134469e-08 3.046295
2.459571e+04 8.131344e-08 3.045775
2.498611e+04 8.128170e-08 3.045247
2.538271e+04 8.124947e-08 3.044710
2.578561e+04 8.121674e-08 3.044165
2.619490e+04 8.118351e-08 3.043611
2.661069e+04 8.114976e-08 3.043049
2.703307e+04 8.111549e-08 3.042478
2.746216e+04 8.108069e-08 3.041897
2.789807e+04 8.104536e-08 3.041308
2.834089e+04 8.100948e-08 3.040710
2.879074e+04 8.097304e-08 3.040102
2.924773e+04 8.093605e-08 3.039484
2.971197e+04 8.089848e-08 3.038857
3.018359e+04 8.086034e-08 3.038220
3.066268e+04 8.082161e-08 3.037574
3.114939e+04 8.078229e-08 3.036917
3.164382e+04 8.074235e-08 3.036249
3.214609e+04 8.070181e-08 3.035572
3.265634e+04 8.066064e-08 3.034883
3.317469e+04 8.061885e-08 3.034184
3.370127e+04 8.057641e-08 3.033474
3.423620e+04 8.053331e-08 3.032753
3.477963e+04 8.048956e-08 3.032021
3.533168e+04 8.044514e-08 3.031277
3.589249e+04 8.040004e-08 3.030521
3.646221e+04 8.035425e-08 3.029754
3.704097e+04 8.030776e-08 3.028975
3.762891e+04 8.026056e-08 3.028184
3.822619e+04 8.021263e-08 3.027380
3.883295e+04 8.016398e-08 3.026564
3.944933e+04 8.011458e-08 3.025735
4.007551e+04 8.006443e-08 3.024893
4.071162e+04 8.001352e-08 3.024038
4.135783e+04 7.996183e-08 3.023169
4.201429e+04 7.990936e-08 3.022287
4.268118e+04 7.985609e-08 3.021392
4.335865e+04 7.980201e-08 3.020482
4.404687e+04 7.974711e-08 3.019558
4.474602e+04 7.969137e-08 3.018620
4.545627e+04 7.963479e-08 3.017668
4.617779e+04 7.957736e-08 3.016700
4.691076e+04 7.951905e-08 3.015718
4.765537e+04 7.945986e-08 3.014720
4.841179e+04 7.939978e-08 3.013706
4.918023e+04 7.933879e-08 3.012677
4.996085e+04 7.927688e-08 3.011632
5.075387e+04 7.921404e-08 3.010571
5.155948e+04 7.915025e-08 3.009493
5.237788e+04 7.908550e-08 3.008399
5.320926e+04 7.901978e-08 3.007287
5.405384e+04 7.895307e-08 3.006159
5.491183e+04 7.888536e-08 3.005013
5.578344e+04 7.881664e-08 3.003849
5.666888e+04 7.874688e-08 3.002667
5.756837e+04 7.867608e-08 3.001467
5.848215e+04 7.860422e-08 3.000248
5.941042e+04 7.853129e-08 2.999011
6.035344e+04 7.845727e-08 2.997754
6.131141e+04 7.838215e-08 2.996478
6.228460e+04 7.830591e-08 2.995182
6.327323e+04 7.822853e-08 2.993867
6.427756e+04 7.815001e-08 2.992530
6.529783e+04 7.807031e-08 2.991174
6.633429e+04 7.798944e-08 2.989796
6.738720e+04 7.790737e-08 2.988398
6.845682e+04 7.782408e-08 2.986977
6.954343e+04 7.773957e-08 2.985535
7.064728e+04 7.765380e-08 2.984071
7.176865e+04 7.756677e-08 2.982584
7.290782e+04 7.747846e-08 2.981074
7.406508e+04 7.738886e-08 2.979541
7.524070e+04 7.729793e-08 2.977985
7.643498e+04 7.720567e-08 2.976405
7.764822e+04 7.711206e-08 2.974800
7.888072e+04 7.701708e-08 2.973171
8.013278e+04 7.692071e-08 2.971517
8.140471e+04 7.682294e-08 2.969838
8.269684e+04 7.672374e-08 2.968133
8.400947e+04 7.662310e-08 2.966402
8.534294e+04 7.652099e-08 2.964645
8.669757e+04 7.641741e-08 2.962860
8.807371e+04 7.631232e-08 2.961049
8.947168e+04 7.620571e-08 2.959209
9.089185e+04 7.609757e-08 2.957342
9.233456e+04 7.598786e-08 2.955447
9.380017e+04 7.587658e-08 2.953522
9.528905e+04 7.576369e-08 2.951568
9.680156e+04 7.564919e-08 2.949585
9.833807e+04 7.553304e-08 2.947572
9.989897e+04 7.541524e-08 2.945527
1.014847e+05 7.529575e-08 2.943452
1.030955e+05 7.517456e-08 2.941346
1.047319e+05 7.505165e-08 2.939207
1.063943e+05 7.492699e-08 2.937037
1.080831e+05 7.480056e-08 2.934833
1.097987e+05 7.467235e-08 2.932596
1.115415e+05 7.454232e-08 2.930326
1.133120e+05 7.441047e-08 2.928021
1.151106e+05 7.427676e-08 2.925681
1.169377e+05 7.414117e-08 2.923306
1.187938e+05 7.400368e-08 2.920896
1.206794e+05 7.386428e-08 2.918449
1.225949e+05 7.372292e-08 2.915966
1.245409e+05 7.357961e-08 2.913445
1.265177e+05 7.343430e-08 2.910886
1.285259e+05 7.328698e-08 2.908289
1.305659e+05 7.313763e-08 2.905654
1.326384e+05 7.298621e-08 2.902979
1.347437e+05 7.283271e-08 2.900264
1.368825e+05 7.267711e-08 2.897508
1.390552e+05 7.251938e-08 2.894711
1.412624e+05 7.235949e-08 2.891873
1.435046e+05 7.219743e-08 2.888993
1.457825e+05 7.203317e-08 2.886070
1.480964e+05 7.186668e-08 2.883103
1.504472e+05 7.169794e-08 2.880093
1.528352e+05 7.152694e-08 2.877037
1.552611e+05 7.135363e-08 2.873937
1.577255e+05 7.117800e-08 2.870791
1.602291e+05 7.100003e-08 2.867599
1.627724e+05 7.081969e-08 2.864359
1.653560e+05 7.063696e-08 2.861072
1.679807e+05 7.045180e-08 2.857737
1.706470e+05 7.026421e-08 2.854352
1.733557e+05 7.007415e-08 2.850918
1.761073e+05 6.988160e-08 2.847434
1.789027e+05 6.968653e-08 2.843898
1.817423e+05 6.948893e-08 2.840311
1.846271e+05 6.928876e-08 2.836672
1.875577e+05 6.908601e-08 2.832980
1.905347e+05 6.888065e-08 2.829234
1.935591e+05 6.867265e-08 2.825434
1.966314e+05 6.846199e-08 2.821579
1.997525e+05 6.824865e-08 2.817667
2.029231e+05 6.803260e-08 2.813700
2.061441e+05 6.781383e-08 2.809675
2.094162e+05 6.759230e-08 2.805592
2.127402e+05 6.736800e-08 2.801450
2.161170e+05 6.714090e-08 2.797249
2.195474e+05 6.691098e-08 2.792987
2.230322e+05 6.667822e-08 2.788665
2.265724e+05 6.644259e-08 2.784281
2.301687e+05 6.620407e-08 2.779834
2.338221e+05 6.596264e-08 2.775324
2.375336e+05 6.571829e-08 2.770750
2.413039e+05 6.547098e-08 2.766111
2.451341e+05 6.522070e-08 2.761406
2.490250e+05 6.496742e-08 2.756635
2.529778e+05 6.471114e-08 2.751797
2.569932e+05 6.445182e-08 2.746890
2.610725e+05 6.418944e-08 2.741915
2.652164e+05 6.392400e-08 2.736870
2.694262e+05 6.365547e-08 2.731754
2.737027e+05 6.338383e-08 2.726567
2.780471e+05 6.310906e-08 2.721307
2.824605e+05 6.283116e-08 2.715975
2.869440e+05 6.255009e-08 2.710568
2.914986e+05 6.226585e-08 2.705087
2.961255e+05 6.197843e-08 2.699530
3.008259e+05 6.168779e-08 2.693897
3.056008e+05 6.139395e-08 2.688186
3.104516e+05 6.109687e-08 2.682397
3.153793e+05 6.079654e-08 2.676528
3.203853e+05 6.049296e-08 2.670580
3.254707e+05 6.018612e-08 2.664551
3.306368e+05 5.987599e-08 2.658440
3.358850e+05 5.956258e-08 2.652247
3.412164e+05 5.924588e-08 2.645970
3.466325e+05 5.892587e-08 2.639608
3.521345e+05 5.860256e-08 2.633162
3.577239e+05 5.827593e-08 2.626629
3.634020e+05 5.794597e-08 2.620008
3.691702e+05 5.761270e-08 2.613300
3.750300e+05 5.727609e-08 2.606503
3.809828e+05 5.693616e-08 2.599617
3.870300e+05 5.659290e-08 2.592639
3.931733e+05 5.624630e-08 2.585570
3.994141e+05 5.589638e-08 2.578409
4.057539e+05 5.554314e-08 2.571154
4.121944e+05 5.518657e-08 2.563805
4.187371e+05 5.482668e-08 2.556361
4.253836e+05 5.446349e-08 2.548820
4.321356e+05 5.409700e-08 2.541183
4.389949e+05 5.372721e-08 2.533448
4.459630e+05 5.335414e-08 2.525615
4.530416e+05 5.297780e-08 2.517681
4.602327e+05 5.259821e-08 2.509648
4.675379e+05 5.221538e-08 2.501513
4.749590e+05 5.182932e-08 2.493276
4.824980e+05 5.144006e-08 2.484936
4.901566e+05 5.104761e-08 2.476492
4.979368e+05 5.065200e-08 2.467944
5.058404e+05 5.025325e-08 2.459290
5.138695e+05 4.985138e-08 2.450530
5.220261e+05 4.944643e-08 2.441663
5.303121e+05 4.903841e-08 2.432687
5.387297e+05 4.862737e-08 2.423604
5.472809e+05 4.821333e-08 2.414410
5.559678e+05 4.779633e-08 2.405107
5.647925e+05 4.737640e-08 2.395692
5.737574e+05 4.695358e-08 2.386166
5.828645e+05 4.652792e-08 2.376528
5.921163e+05 4.609945e-08 2.366776
6.015148e+05 4.566822e-08 2.356910
6.110626e+05 4.523427e-08 2.346930
6.207619e+05 4.479766e-08 2.336835
6.306151e+05 4.435843e-08 2.326624
6.406247e+05 4.391664e-08 2.316297
6.507933e+05 4.347234e-08 2.305852
6.611232e+05 4.302560e-08 2.295290
6.716171e+05 4.257646e-08 2.284610
6.822776e+05 4.212499e-08 2.273812
6.931072e+05 4.167126e-08 2.262894
7.041088e+05 4.121534e-08 2.251857
7.152850e+05 4.075728e-08 2.240699
7.266386e+05 4.029716e-08 2.229421
7.381724e+05 3.983506e-08 2.218022
7.498893e+05 3.937105e-08 2.206502
7.617922e+05 3.890521e-08 2.194860
7.738840e+05 3.843761e-08 2.183097
7.861677e+05 3.796835e-08 2.171211
7.986464e+05 3.749751e-08 2.159203
8.113232e+05 3.702517e-08 2.147072
8.242012e+05 3.655143e-08 2.134818
8.372836e+05 3.607637e-08 2.122442
8.505736e+05 3.560009e-08 2.109943
8.640746e+05 3.512269e-08 2.097320
8.777900e+05 3.464427e-08 2.084575
8.917230e+05 3.416493e-08 2.071706
9.058771e+05 3.368477e-08 2.058715
9.202560e+05 3.320389e-08 2.045600
9.348630e+05 3.272242e-08 2.032364
9.497019e+05 3.224044e-08 2.019004
9.647764e+05 3.175809e-08 2.005523
9.800901e+05 3.127547e-08 1.991920
9.956469e+05 3.079270e-08 1.978195
1.011451e+06 3.030989e-08 1.964349
1.027505e+06 2.982717e-08 1.950383
1.043815e+06 2.934466e-08 1.936297
1.060383e+06 2.886249e-08 1.922091
1.077214e+06 2.838077e-08 1.907767
1.094313e+06 2.789963e-08 1.893324
1.111683e+06 2.741921e-08 1.878765
1.129328e+06 2.693964e-08 1.864088
1.147254e+06 2.646104e-08 1.849296
1.165464e+06 2.598355e-08 1.834390
1.183963e+06 2.550730e-08 1.819370
1.202756e+06 2.503243e-08 1.804238
1.221847e+06 2.455908e-08 1.788994
1.241241e+06 2.408737e-08 1.773640
1.260943e+06 2.361745e-08 1.758177
1.280958e+06 2.314946e-08 1.742607
1.301290e+06 2.268354e-08 1.726931
1.321946e+06 2.221982e-08 1.711150
1.342929e+06 2.175845e-08 1.695267
1.364245e+06 2.129956e-08 1.679282
1.385899e+06 2.084330e-08 1.663199
1.407897e+06 2.038980e-08 1.647017
1.430245e+06 1.993920e-08 1.630740
1.452947e+06 1.949165e-08 1.614369
1.476009e+06 1.904728e-08 1.597907
1.499437e+06 1.860622e-08 1.581355
1.523238e+06 1.816863e-08 1.564716
1.547416e+06 1.773462e-08 1.547992
1.571978e+06 1.730434e-08 1.531186
1.596929e+06 1.687791e-08 1.514300
1.622277e+06 1.645548e-08 1.497336
1.648027e+06 1.603717e-08 1.480298
1.674186e+06 1.562310e-08 1.463188
1.700760e+06 1.521341e-08 1.446008
1.727756e+06 1.480821e-08 1.428763
1.755180e+06 1.440763e-08 1.411454
1.783040e+06 1.401178e-08 1.394085
1.811342e+06 1.362079e-08 1.376660
1.840093e+06 1.323476e-08 1.359181
1.869301e+06 1.285380e-08 1.341652
1.898972e+06 1.247802e-08 1.324075
1.929114e+06 1.210753e-08 1.306456
1.959734e+06 1.174242e-08 1.288797
1.990841e+06 1.138278e-08 1.271102
2.022441e+06 1.102871e-08 1.253375
2.054543e+06 1.068030e-08 1.235620
2.087154e+06 1.033762e-08 1.217840
2.120283e+06 1.000076e-08 1.200041
2.153938e+06 9.669794e-09 1.182225
2.188127e+06 9.344786e-09 1.164397
2.222859e+06 9.025803e-09 1.146561
2.258142e+06 8.712903e-09 1.128722
2.293985e+06 8.406141e-09 1.110884
2.330397e+06 8.105567e-09 1.093051
2.367387e+06 7.811225e-09 1.075229
2.404965e+06 7.523153e-09 1.057421
2.443138e+06 7.241385e-09 1.039632
2.481918e+06 6.965948e-09 1.021868
2.521313e+06 6.696864e-09 1.004132
2.561333e+06 6.434149e-09 0.986430
2.601989e+06 6.177816e-09 0.968766
2.643290e+06 5.927868e-09 0.951146
2.685246e+06 5.684305e-09 0.933574
2.727868e+06 5.447121e-09 0.916056
2.771167e+06 5.216303e-09 0.898597
2.815154e+06 4.991835e-09 0.881200
2.859838e+06 4.773691e-09 0.863873
2.905232e+06 4.561844e-09 0.846619
2.951346e+06 4.356258e-09 0.829444
2.998192e+06 4.156894e-09 0.812354
3.045782e+06 3.963705e-09 0.795352
3.094127e+06 3.776641e-09 0.778445
3.143240e+06 3.595644e-09 0.761638
3.193132e+06 3.420655e-09 0.750000
3.243816e+06 3.251606e-09 0.750000
3.295305e+06 3.088425e-09 0.750000
3.347610e+06 2.931037e-09 0.750000
3.400746e+06 2.779362e-09 0.750000
3.454726e+06 2.633313e-09 0.750000
3.509562e+06 2.492802e-09 0.750000
3.565269e+06 2.357736e-09 0.750000
3.621860e+06 2.228017e-09 0.750000
3.679349e+06 2.103545e-09 0.750000
3.737751e+06 1.984215e-09 0.750000
3.797079e+06 1.869920e-09 0.750000
3.857350e+06 1.760550e-09 0.750000
3.918577e+06 1.655992e-09 0.750000
3.980776e+06 1.556131e-09 0.750000
4.043962e+06 1.460849e-09 0.750000
4.108151e+06 1.370026e-09 0.750000
4.173359e+06 1.283541e-09 0.750000
4.239602e+06 1.201272e-09 0.750000
4.306896e+06 1.123094e-09 0.750000
4.375259e+06 1.048884e-09 0.750000
4.444707e+06 9.785140e-10 0.750000
4.515257e+06 9.118599e-10 0.750000
4.586927e+06 8.487950e-10 0.750000
4.659734e+06 7.891935e-10 0.750000
4.733697e+06 7.329296e-10 0.750000
4.808835e+06 6.798783e-10 0.750000
4.885164e+06 6.299153e-10 0.750000
4.962706e+06 5.829174e-10 0.750000
5.041478e+06 5.387624e-10 0.750000
5.121500e+06 4.973299e-10 0.750000
5.202793e+06 4.585010e-10 0.750000
5.285376e+06 4.221585e-10 0.750000
5.369270e+06 3.881875e-10 0.750000
5.454496e+06 3.564751e-10 0.750000
5.541074e+06 3.269109e-10 0.750000
5.629026e+06 2.993869e-10 0.750000
5.718375e+06 2.737978e-10 0.750000
5.809142e+06 2.500409e-10 0.750000
5.901349e+06 2.280167e-10 0.750000
5.995020e+06 2.076283e-10 0.750000
6.090178e+06 1.887821e-10 0.750000
6.186847e+06 1.713874e-10 0.750000
6.285049e+06 1.553570e-10 0.750000
6.384811e+06 1.406066e-10 0.750000
6.486156e+06 1.270553e-10 0.750000
6.589110e+06 1.146256e-10 0.750000
6.693697e+06 1.032430e-10 0.750000
6.799945e+06 9.283641e-11 0.750000
